# converted from FSU P01 dataset (15 cities, optimal TSP tour = 291)
# 第 0 号为 depot（原数据首座城市，坐标约 (0,0)）
n=15
truck_speed=1.0
drone_speed=2.0
drone_endurance=1e9
0  -0.000000  0.000000
1  -28.873286  -0.000001
2  -79.291579  21.403331
3  -14.657738  43.389550
4  -64.747261  -21.898171
5  -29.058469  43.216729
6  -72.078532  -0.181583
7  -36.036649  21.613548
8  -50.480838  -7.374472
9  -50.585903  21.588197
10  -0.135820  28.729290
11  -65.086564  36.062469
12  -21.498326  -7.319416
13  -57.568724  43.250556
14  -43.070026  -14.554840
